153
128 4.82994e+08
130 5.89697e+08
121 5.32422e+08
116 5.77484e+08
152 5.41075e+08
187 5.99959e+08
185 6.79143e+08
91 2.181e+08
144 3.60567e+08
121 2.63762e+08
153 6.23436e+08
158 4.59702e+08
190 7.68462e+08
128 2.94233e+08
190 6.25994e+08
170 5.17581e+08
118 2.97789e+08
137 3.72139e+08
178 7.64052e+08
186 5.6659e+08
147 4.63876e+08
167 6.77563e+08
128 3.88693e+08
148 4.20119e+08
199 9.44665e+08
175 7.04635e+08
112 2.66519e+08
154 6.20595e+08
141 3.67962e+08
206 7.15963e+08
138 3.58962e+08
135 5.03684e+08
174 6.5632e+08
110 4.54249e+08
130 2.95259e+08
179 5.15955e+08
130 3.51991e+08
115 2.78676e+08
198 7.43845e+08
190 7.37883e+08
157 4.91978e+08
181 7.91479e+08
141 5.51521e+08
103 3.56302e+08
125 3.20497e+08
107 2.98873e+08
118 3.32411e+08
190 7.56061e+08
148 4.32269e+08
117 3.88074e+08
210 7.35042e+08
110 2.27237e+08
118 2.86165e+08
135 4.42355e+08
118 3.36947e+08
146 4.25034e+08
154 6.18809e+08
112 4.37376e+08
186 6.17495e+08
150 6.59996e+08
159 5.88013e+08
183 7.68527e+08
152 5.36112e+08
98 2.41547e+08
133 3.48556e+08
151 5.44245e+08
125 3.56846e+08
158 4.73322e+08
194 8.65231e+08
157 4.75479e+08
170 5.84015e+08
113 3.30554e+08
138 6.58084e+08
112 5.99938e+08
199 7.50004e+08
154 4.4236e+08
137 3.84247e+08
163 5.99994e+08
142 4.03807e+08
159 6.0683e+08
187 7.29021e+08
136 3.66011e+08
126 2.82808e+08
111 3.30958e+08
180 7.0925e+08
185 7.23446e+08
133 3.76438e+08
114 3.3133e+08
167 6.64807e+08
115 3.16393e+08
85 2.25672e+08
183 6.21178e+08
165 4.71316e+08
86 2.02755e+08
196 6.5108e+08
150 4.01472e+08
139 3.36397e+08
140 4.20906e+08
169 5.66155e+08
117 2.89545e+08
125 3.48689e+08
92 2.92909e+08
165 5.98751e+08
98 3.769e+08
201 7.00343e+08
158 4.10592e+08
126 3.63105e+08
124 3.49501e+08
174 6.61512e+08
154 6.35052e+08
190 7.90602e+08
154 4.50118e+08
175 5.71463e+08
149 4.17143e+08
153 5.66558e+08
174 5.23749e+08
201 8.072e+08
159 5.40148e+08
101 2.46562e+08
178 5.05817e+08
158 7.08563e+08
225 1.01641e+09
144 4.5013e+08
82 2.64894e+08
142 3.70946e+08
149 4.71544e+08
125 4.53193e+08
81 1.86488e+08
146 4.42754e+08
129 5.35486e+08
142 5.33677e+08
149 4.29531e+08
189 6.19432e+08
140 4.06239e+08
150 4.19484e+08
145 5.45469e+08
168 4.97253e+08
160 4.38684e+08
152 7.17376e+08
139 3.36348e+08
189 6.14307e+08
161 6.3445e+08
156 5.86339e+08
175 5.52451e+08
139 5.95566e+08
191 8.7607e+08
175 6.59785e+08
99 2.50702e+08
218 8.98885e+08
199 8.10346e+08
135 3.34886e+08
127 4.05654e+08
180 5.19966e+08
