2.99988e+016 1.73202e+008 1 5.06034e+008 0 0 0 0 0 0 0 153
9.00648e+015 9.49025e+007 2 -2.84643e+009 6.725e+008 0 0 0 0 0 491 0
7.98708e+015 8.93705e+007 2 -2.13468e+008 0 4.8122e+006 0 0 0 0 510 0
8.03961e+015 8.96639e+007 3 -2.10434e+008 -759740 4.81725e+006 0 0 0 0 688 0
7.75388e+015 8.80561e+007 3 4.00741e+008 0 -2.0765e+007 4.26914e+006 0 0 0 1092 0
7.79622e+015 8.82962e+007 4 -7.91424e+008 4.13966e+008 -4.2058e+007 7.3442e+006 0 0 0 1322 0
7.77251e+015 8.81618e+007 3 3.26788e+006 0 1.73903e+006 0 10406 0 0 579 0
7.78962e+015 8.82588e+007 4 -6.98731e+006 0 9.03981e+006 -1.78248e+006 21530.6 0 0 1245 0
7.84408e+015 8.85668e+007 5 1.58481e+007 1.69048e+007 2.95232e+006 -598083 17775.8 0 0 1468 0
7.7854e+015 8.82349e+007 4 -3.09735e+006 0 2.82351e+006 0 -2895.06 40.9947 0 1129 0
7.83861e+015 8.85359e+007 5 -9.08643e+006 6.89817e+006 2.35099e+006 0 -175.065 35.3866 0 1282 0
7.8372e+015 8.8528e+007 5 -2.53631e+006 0 654180 620936 -11247.9 54.6733 0 1227 0
7.89162e+015 8.88348e+007 6 1.75365e+006 2.30207e+006 2.15822e+006 104398 -2420.81 39.2949 0 1593 0
7.8509e+015 8.86053e+007 5 74958.7 0 44703.7 0 51473.2 -306.64 0.723087 1033 0
7.90607e+015 8.89161e+007 6 -55091.1 0 2371.04 -25165.4 54393.9 -323.651 0.757094 1146 0
7.94406e+015 8.91295e+007 7 -921743 1.32144e+006 810733 384716 3354.95 -21.2712 0.145976 2439 0