214
119 1.62023e+08
217 3.2094e+08
33 3.14053e+07
187 3.02026e+08
18 2.20877e+07
40 4.90976e+07
160 2.77286e+08
130 1.6213e+08
89 8.81174e+07
91 7.47447e+07
169 1.8542e+08
241 4.12895e+08
40 4.58372e+07
220 3.60462e+08
85 8.55347e+07
194 2.86029e+08
90 1.43455e+08
76 1.19363e+08
140 2.36159e+08
28 3.55394e+07
178 1.85107e+08
92 1.32504e+08
43 2.89976e+07
59 6.25024e+07
207 2.1482e+08
61 5.5318e+07
60 5.80182e+07
63 5.69043e+07
83 8.99684e+07
133 1.89306e+08
239 3.34983e+08
128 1.10739e+08
162 1.68726e+08
231 2.6878e+08
58 5.36604e+07
39 2.30749e+07
140 1.61474e+08
88 1.14298e+08
181 2.0478e+08
210 3.30897e+08
175 2.72852e+08
148 2.46618e+08
100 2.01028e+08
99 1.16722e+08
230 3.4004e+08
92 9.79562e+07
106 1.18044e+08
64 6.98553e+07
40 6.72933e+07
65 1.19218e+08
97 1.07421e+08
151 2.71957e+08
195 3.18047e+08
61 1.02491e+08
87 1.45857e+08
94 1.61372e+08
153 2.13673e+08
179 1.82798e+08
246 2.5141e+08
131 1.0833e+08
58 4.23027e+07
186 1.82607e+08
57 4.23583e+07
54 3.82495e+07
82 6.50501e+07
163 1.31074e+08
21 2.73661e+07
62 7.58952e+07
60 4.16411e+07
52 3.04491e+07
147 1.25422e+08
178 2.05013e+08
69 4.15029e+07
205 1.97849e+08
194 2.20435e+08
209 1.6075e+08
148 1.52762e+08
151 1.44844e+08
21 9.672e+06
74 5.17995e+07
139 2.14311e+08
170 1.57586e+08
85 7.30596e+07
88 9.28049e+07
72 4.66027e+07
94 6.66921e+07
157 1.31583e+08
62 4.73354e+07
57 5.31412e+07
89 1.06046e+08
89 7.82397e+07
53 4.66006e+07
55 3.73537e+07
22 1.30086e+07
86 7.79836e+07
219 1.9668e+08
160 1.26305e+08
69 5.69899e+07
77 7.86207e+07
70 4.58653e+07
144 1.25342e+08
72 5.58631e+07
156 1.83645e+08
162 1.61479e+08
155 1.4279e+08
176 1.56217e+08
118 9.81082e+07
126 1.12269e+08
140 1.26081e+08
124 1.00703e+08
67 4.74256e+07
219 2.39825e+08
90 6.63059e+07
76 4.88013e+07
164 1.56613e+08
146 1.12385e+08
128 1.15599e+08
213 2.32731e+08
136 1.2637e+08
225 2.33837e+08
139 1.10672e+08
191 1.47402e+08
183 1.96279e+08
173 1.34722e+08
216 2.25383e+08
123 9.39074e+07
112 7.66286e+07
174 1.69434e+08
57 3.74007e+07
237 2.02563e+08
50 3.23054e+07
65 6.38383e+07
52 3.27034e+07
73 6.29283e+07
79 6.08376e+07
163 1.38992e+08
123 9.86107e+07
85 5.79446e+07
189 1.51419e+08
34 2.00295e+07
31 1.95514e+07
65 4.00877e+07
18 9.91632e+06
71 7.64428e+07
91 6.5222e+07
87 5.90395e+07
149 9.54171e+07
72 5.75175e+07
67 6.93309e+07
163 1.24219e+08
36 2.37053e+07
110 8.05637e+07
143 1.557e+08
166 1.57489e+08
36 1.80394e+07
170 1.39584e+08
118 1.35884e+08
166 1.29887e+08
51 2.79455e+07
36 2.59266e+07
180 1.62e+08
151 1.28028e+08
68 7.85393e+07
39 3.61283e+07
103 1.26735e+08
236 2.24576e+08
65 4.61697e+07
103 9.9209e+07
71 4.77519e+07
22 1.62163e+07
139 1.005e+08
182 1.82076e+08
155 1.17267e+08
203 1.76271e+08
39 4.16918e+07
168 1.59518e+08
116 8.73787e+07
74 4.67601e+07
110 8.00539e+07
33 2.71729e+07
62 6.4158e+07
82 5.53428e+07
177 1.45616e+08
208 2.1986e+08
23 1.37251e+07
110 8.57993e+07
72 4.92762e+07
178 1.5335e+08
67 4.51165e+07
182 1.54111e+08
75 4.41628e+07
184 1.89502e+08
57 3.74738e+07
188 1.48639e+08
93 9.48664e+07
81 5.12651e+07
210 1.89586e+08
120 9.42849e+07
97 9.1009e+07
112 7.97407e+07
184 1.58379e+08
129 1.38935e+08
120 9.85729e+07
126 9.69444e+07
101 7.72126e+07
148 1.50272e+08
21 1.29756e+07
153 1.37289e+08
227 2.29771e+08
144 1.11909e+08
95 8.42667e+07
176 1.71355e+08
109 8.19417e+07
194 1.73061e+08
