6.11001e+015 7.81666e+007 1 1.19037e+008 0 0 0 0 0 0 0 214
2.01982e+015 4.49424e+007 2 -3.69833e+008 1.05977e+008 0 0 0 0 0 468 0
1.37698e+015 3.71077e+007 2 -1.81623e+007 0 1.16501e+006 0 0 0 0 5000 1
1.35953e+015 3.68718e+007 3 7.29906e+007 -2.62916e+007 1.42086e+006 0 0 0 0 918 0
1.3494e+015 3.67342e+007 3 1.8942e+007 0 -978163 373069 0 0 0 801 0
1.35209e+015 3.67708e+007 4 -1.37276e+007 1.56094e+007 -2.3496e+006 584910 0 0 0 1169 0
1.34262e+015 3.66418e+007 3 -1.27511e+006 0 791065 0 1543.16 0 0 542 0
1.34295e+015 3.66463e+007 4 -2.09916e+006 0 1.74182e+006 -242139 3224.07 0 0 1086 0
1.34734e+015 3.67061e+007 5 -1.23154e+007 1.40494e+006 2.35457e+006 -381686 3922.43 0 0 1318 0
1.33581e+015 3.65487e+007 4 -2.7025e+006 0 1.04288e+006 0 -1815.79 10.5341 0 1070 0
1.34479e+015 3.66714e+007 5 692849 314429 909059 0 -763.747 8.03321 0 1326 0
1.33694e+015 3.65643e+007 5 -981551 0 -580394 484662 -9208.25 23.4987 0 1124 0
1.3448e+015 3.66715e+007 6 -324987 813157 -367278 387981 -6960.14 19.1785 0 1416 0
1.34763e+015 3.67101e+007 5 17906.5 0 4045.05 0 21149.3 -146.113 0.332459 949 0
1.34063e+015 3.66146e+007 6 78341.3 0 -70528.4 217803 3280.06 -41.8063 0.125197 1891 0
1.36169e+015 3.69011e+007 7 64667 27236.2 -9842.43 -4392.98 21780.6 -149.87 0.339901 1300 0
